id_product,score
2013473,738
2000014,712
2000010,623
2013414,286
2007768,252
2000252,238
2007766,195
2013474,144
2002391,133
2007093,129
2006986,114
2001311,102
2002455,100
2002432,99
2002694,99
2003040,90
2003729,88
2013534,83
2002045,81
2012116,65
2012417,64
2009151,64
2012021,63
2010954,60
2010622,60
2005568,59
2001794,58
2003957,57
2010469,56
2002433,55
2009157,54
2012457,53
2001902,52
2001331,52
2003500,51
2000273,51
2013539,51
2002435,51
2009324,50
2002589,50
2001272,49
2013596,48
2009485,48
2009185,48
2001174,48
2001769,46
2001379,46
2002642,45
2002394,45
2007092,45
2003756,44
2003926,44
2001606,43
2010947,43
2001124,42
2012938,41
2000183,39
2000007,39
2009478,38
2009054,38
2010362,38
2002512,37
2009171,36
2012409,35
2007774,35
2001773,35
2011947,35
2002726,35
2001846,35
2002547,34
2012529,34
2013680,34
2011293,34
2009678,34
2001273,34
2001013,33
2012893,32
2000015,30
2003942,30
2002436,30
2008463,30
2001276,29
2001586,29
2013459,29
2002168,29
2001931,29
2003496,29
2003941,29
2009461,29
2001777,29
2012613,28
2003197,28
2001805,28
2000002,28
2000635,28
2001255,28
2012777,27
2001274,27
2002696,27
2002399,27
2000044,26
2007921,26
2001677,26
2003945,26
2003198,25
2003008,25
2000840,25
2003036,25
2001676,25
2009489,25
2002510,25
2009686,25
2001627,25
2013213,25
2001334,25
2007925,25
2000093,25
2009537,25
2007910,25
2009579,25
2001338,24
2000016,24
2004150,24
2002027,23
2012022,23
2010922,23
2009604,23
2013543,23
2002727,23
2007895,23
2003755,23
2003186,23
2006130,23
2008166,22
2001653,22
2002756,22
2002632,22
2000088,22
2010978,22
2003982,22
2001312,22
2002413,22
2011745,22
2004953,21
2002383,21
2011295,21
2000827,21
2011322,21
2001696,21
2001669,21
2013540,21
2013493,21
2009066,21
2012098,20
2001046,20
2001037,20
2002631,20
2007912,20
2010918,20
2002199,20
2008725,20
2003822,20
2008834,20
2013541,20
2002262,20
2001571,20
2008610,19
2003494,19
2013575,19
2001181,19
2008683,19
2007908,19
2012020,19
2001381,19
2007477,19
2013533,19
2011612,19
2001141,19
2010917,19
2003179,19
2001620,19
2013588,18
2001559,18
2008796,18
2012797,18
2013010,18
2013749,18
2012572,18
2002725,18
2002652,18
2010669,18
2009499,18
2001021,18
2012113,18
2009170,18
2007972,18
2008213,18
2001303,18
2001321,17
2013551,17
2003946,17
2013584,17
2012708,17
2013589,17
2002587,17
2008131,17
2013594,17
2000246,17
2012964,17
2003172,17
2008682,17
2009479,16
2002385,16
2013726,16
2002691,16
2001787,16
2011401,16
2005803,16
2003093,16
2010850,16
2003462,16
2000948,16
2001176,16
2003995,16
2001070,15
2002466,15
2002789,15
2011676,15
2002478,15
2000020,15
2000239,15
2008138,15
2011624,15
2000139,15
2011803,15
2012494,15
2012764,15
2001947,15
2013418,15
2011476,15
2002511,15
2001937,15
2012966,15
2002073,15
2004014,15
2012885,15
2002459,14
2009154,14
2007924,14
2001538,14
2012451,14
2009642,14
2008227,14
2012883,14
2001551,14
2001941,14
2003096,14
2001106,14
2002498,14
2007855,14
2012525,14
2002693,14
2013003,14
2003194,14
2008696,14
2001849,14
2007920,13
2003110,13
2002934,13
2012649,13
2005054,13
2002091,13
2002733,13
2001723,13
2004186,13
2008362,13
2008536,13
2011338,13
2004142,13
2000012,13
2003133,13
2008699,13
2002772,13
2007835,13
2002690,13
2009948,13
2013536,13
2011063,13
2003745,13
2010956,13
2000958,13
2000256,13
2013715,13
2001094,13
2001114,13
2001214,13
2000858,13
2013492,13
2003405,13
2008611,13
2013889,13
2009637,13
2010085,12
2003829,12
2002270,12
2002162,12
2001268,12
2010826,12
2009488,12
2013684,12
2009547,12
2002625,12
2000857,12
2001327,12
2003094,12
2001950,12
2007830,12
2010924,12
2002518,12
2001242,12
2008800,12
2002730,12
2012474,12
2004169,12
2013909,12
2002064,12
2002684,12
2003065,12
2013526,12
2001271,12
2001697,12
2003185,12
2001643,12
2002925,12
2012204,12
2011137,12
2001749,12
2009539,11
2009348,11
2002092,11
2002179,11
2009639,11
2001737,11
2009652,11
2005050,11
2006582,11
2002108,11
2002482,11
2003193,11
2008218,11
2003749,11
2002053,11
2003092,11
2002480,11
2012160,11
2003780,11
2002697,11
2004032,11
2013478,11
2011058,11
2012939,11
2002653,11
2013544,11
2008184,11
2002509,11
2001449,11
2003121,11
2013566,11
2003215,11
2007960,11
2011141,11
2011788,11
2003769,11
2010006,11
2001358,11
2000017,11
2013212,10
2012200,10
2007476,10
2001121,10
2011891,10
2013381,10
2001105,10
2009143,10
2003383,10
2001180,10
2011410,10
2008980,10
2009477,10
2009698,10
2009212,10
2013535,10
2002988,10
2009298,10
2007931,10
2008305,10
2002942,10
2003464,10
2001397,10
2001759,10
2002437,10
2001802,10
2004110,10
2013768,10
2013590,10
2012495,10
2011376,10
2010608,10
2013342,10
2000047,10
2011484,10
2001437,10
2002516,10
2001432,10
2002773,10
2012543,10
2012206,10
2008705,10
2007982,10
2013718,10
2007838,10
2001305,10
2001492,10
2001736,10
2002041,10
2010034,10
2010949,10
2013549,10
2002744,10
2013563,9
2002481,9
2012400,9
2003804,9
2003820,9
2002961,9
2001002,9
2002623,9
2003574,9
2002645,9
2000919,9
2008189,9
2013310,9
2009548,9
2003352,9
2010801,9
2002071,9
2008199,9
2013396,9
2008446,9
2002048,9
2012889,9
2011611,9
2002950,9
2003730,9
2013309,9
2011324,9
2010916,9
2001366,9
2013046,9
2009058,9
2011142,9
2003491,9
2003599,9
2001503,9
2010730,9
2001857,9
2003024,9
2013682,9
2002150,9
2010589,9
2001573,9
2003084,9
2001545,9
2001553,9
2000290,9
2011918,9
2013059,9
2003488,9
2002072,9
2010824,8
2000258,8
2000022,8
2011625,8
2012486,8
2011548,8
2010849,8
2000271,8
2010478,8
2010590,8
2002641,8
2013660,8
2000889,8
2000888,8
2012449,8
2000846,8
2007951,8
2013463,8
2003311,8
2012024,8
2008555,8
2008136,8
2001287,8
2001294,8
2001003,8
2001337,8
2003357,8
2011028,8
2002006,8
2001646,8
2008539,8
2001933,8
2013382,8
2002102,8
2002591,8
2001901,8
2002021,8
2011791,8
2001911,8
2003124,8
2001527,8
2007979,8
2011059,8
2013004,8
2013315,8
2009429,8
2001760,8
2012203,8
2011153,8
2002572,8
2003062,8
2012806,8
2013595,8
2008233,8
2001609,8
2002991,8
2003450,8
2001442,8
2001623,8
2001238,8
2010982,8
2007987,8
2001099,8
2004132,8
2009853,8
2002388,8
2001060,8
2001649,8
2012752,8
2004126,8
2002373,8
2011442,8
2001434,8
2002282,8
2002486,8
2002281,8
2001192,8
2012025,7
2003130,7
2000009,7
2003469,7
2003737,7
2002955,7
2003178,7
2006862,7
2004029,7
2003089,7
2004128,7
2012528,7
2012439,7
2012364,7
2003927,7
2003752,7
2003558,7
2003306,7
2003106,7
2003358,7
2006921,7
2013458,7
2013427,7
2011906,7
2001295,7
2011051,7
2001302,7
2012487,7
2013367,7
2011140,7
2001590,7
2001569,7
2009320,7
2001391,7
2001439,7
2001137,7
2013366,7
2009471,7
2001666,7
2001280,7
2008883,7
2001705,7
2001746,7
2013017,7
2001856,7
2010998,7
2011359,7
2001145,7
2010790,7
2013420,7
2010820,7
2000011,7
2012181,7
2000182,7
2008360,7
2002414,7
2000215,7
2010612,7
2010598,7
2000634,7
2010465,7
2000928,7
2010024,7
2009932,7
2013548,7
2013542,7
2000288,7
2013529,7
2009877,7
2011430,7
2012627,7
2011451,7
2002244,7
2011177,7
2001894,7
2001144,7
2011946,7
2008314,7
2002362,7
2002534,7
2002614,7
2011375,7
2002468,7
2012765,7
2008134,7
2002483,7
2002599,7
2012707,7
2002557,7
2011413,7
2002622,7
2011523,7
2008006,7
2002771,7
2002692,7
2002682,7
2007832,7
2002058,7
2012499,7
2002078,7
2002831,7
2000054,7
2012551,7
2012542,7
2005052,6
2010002,6
2010120,6
2010650,6
2010885,6
2010928,6
2010852,6
2011617,6
2010952,6
2011901,6
2009974,6
2009946,6
2010774,6
2003762,6
2012485,6
2010921,6
2008334,6
2010482,6
2011755,6
2010448,6
2008929,6
2007958,6
2008526,6
2007988,6
2004030,6
2008871,6
2011782,6
2008678,6
2008861,6
2008846,6
2011800,6
2004756,6
2008363,6
2008693,6
2009484,6
2008574,6
2011067,6
2011431,6
2011412,6
2008235,6
2009351,6
2011069,6
2011744,6
2011043,6
2002746,6
2009550,6
2011445,6
2011023,6
2009635,6
2011785,6
2009878,6
2009668,6
2001836,6
2009780,6
2008549,6
2001231,6
2001835,6
2000830,6
2000844,6
2013679,6
2009706,6
2002779,6
2012533,6
2000864,6
2001668,6
2001798,6
2008783,6
2008121,6
2012483,6
2000053,6
2002930,6
2000296,6
2002152,6
2012774,6
2012954,6
2012582,6
2000875,6
2001263,6
2001261,6
2013369,6
2001699,6
2012862,6
2012462,6
2012463,6
2012464,6
2013524,6
2002153,6
2002940,6
2002105,6
2002191,6
2012735,6
2013550,6
2013570,6
2002448,6
2002643,6
2002479,6
2012892,6
2012785,6
2002392,6
2013555,6
2012888,6
2012895,6
2001055,6
2002001,6
2000995,6
2000927,6
2001297,6
2003445,6
2002136,6
2012219,6
2001519,6
2013189,6
2001457,6
2003402,6
2001612,6
2003018,6
2012188,6
2013882,6
2000013,6
2003448,6
2000074,6
2001634,6
2013760,6
2012239,6
2003380,6
2000820,6
2001555,6
2012130,6
2012236,6
2013374,6
2001656,6
2002636,6
2003622,6
2001377,6
2013780,6
2001520,6
2001369,6
2009555,5
2008609,5
2011779,5
2001129,5
2002076,5
2013419,5
2001102,5
2013532,5
2012944,5
2001056,5
2001979,5
2011348,5
2008605,5
2001925,5
2009155,5
2009482,5
2002128,5
2011390,5
2001328,5
2001378,5
2002025,5
2013060,5
2001720,5
2008369,5
2001323,5
2011036,5
2008385,5
2001445,5
2001472,5
2011374,5
2008433,5
2011060,5
2002046,5
2013069,5
2011341,5
2001876,5
2008616,5
2011190,5
2001793,5
2013476,5
2008926,5
2013502,5
2008981,5
2008716,5
2013169,5
2001673,5
2013464,5
2001671,5
2011176,5
2013443,5
2011013,5
2013159,5
2013311,5
2003695,5
2001639,5
2001601,5
2001595,5
2001234,5
2009809,5
2013434,5
2001207,5
2009138,5
2001864,5
2001568,5
2010859,5
2001863,5
2011314,5
2001862,5
2009355,5
2012978,5
2001556,5
2011292,5
2009600,5
2013257,5
2009156,5
2008612,5
2012776,5
2005427,5
2002989,5
2003127,5
2001675,5
2003112,5
2003086,5
2011396,5
2004100,5
2013709,5
2013697,5
2003220,5
2003058,5
2003032,5
2013727,5
2003129,5
2000251,5
2004157,5
2013705,5
2002644,5
2004187,5
2012404,5
2002964,5
2012434,5
2008300,5
2012458,5
2004016,5
2000173,5
2011904,5
2003004,5
2003584,5
2011941,5
2002421,5
2003545,5
2003217,5
2011986,5
2003502,5
2003490,5
2011916,5
2012032,5
2012036,5
2003770,5
2010764,5
2003789,5
2000040,5
2010768,5
2011854,5
2010728,5
2003384,5
2003279,5
2010845,5
2012461,5
2001025,5
2012791,5
2002924,5
2002634,5
2012643,5
2002579,5
2010361,5
2012655,5
2010295,5
2010164,5
2002526,5
2007990,5
2010046,5
2002489,5
2002441,5
2002434,5
2001034,5
2011038,5
2001329,5
2000961,5
2002290,5
2002637,5
2001043,5
2011428,5
2008222,5
2001054,5
2012617,5
2012527,5
2012530,5
2000826,5
2007973,5
2010862,5
2012492,5
2002916,5
2011566,5
2013657,5
2007833,5
2007848,5
2001275,4
2010008,4
2001042,4
2010554,4
2001252,4
2001325,4
2010562,4
2009977,4
2008159,4
2001296,4
2000558,4
2009767,4
2000931,4
2009976,4
2001246,4
2001011,4
2000008,4
2009662,4
2001300,4
2000944,4
2000221,4
2010641,4
2000926,4
2009623,4
2000887,4
2001245,4
2009775,4
2002738,4
2002561,4
2002573,4
2002372,4
2002558,4
2002532,4
2009592,4
2000059,4
2010644,4
2003079,4
2003731,4
2009493,4
2002954,4
2002943,4
2006173,4
2006992,4
2002929,4
2007690,4
2002909,4
2002870,4
2002868,4
2002739,4
2002737,4
2001417,4
2002722,4
2002676,4
2002619,4
2002604,4
2000153,4
2003447,4
2000988,4
2002527,4
2008026,4
2003865,4
2002980,4
2002973,4
2008024,4
2002982,4
2002983,4
2003741,4
2003468,4
2003800,4
2003446,4
2003821,4
2003427,4
2003768,4
2003868,4
2003132,4
2003918,4
2004135,4
2002985,4
2004046,4
2003111,4
2003182,4
2003286,4
2003400,4
2002318,4
2001481,4
2001821,4
2001827,4
2009165,4
2008072,4
2013911,4
2008825,4
2001761,4
2001706,4
2001680,4
2001678,4
2009133,4
2001670,4
2009145,4
2001660,4
2009263,4
2002492,4
2009303,4
2001561,4
2001550,4
2001537,4
2001504,4
2001479,4
2001478,4
2001475,4
2008777,4
2008707,4
2002474,4
2003054,4
2010001,4
2013452,4
2011411,4
2011491,4
2002197,4
2013075,4
2002189,4
2002134,4
2002114,4
2008351,4
2002060,4
2008367,4
2002004,4
2001991,4
2001923,4
2001906,4
2003717,4
2001904,4
2008676,4
2001881,4
2001868,4
2010797,4
2013913,4
2013496,4
2011346,4
2013215,4
2012790,4
2013219,4
2010943,4
2002003,4
2012951,4
2013270,4
2012033,4
2013716,4
2013717,4
2012907,4
2012111,4
2013034,4
2013713,4
2011035,4
2011034,4
2013721,4
2013272,4
2011342,4
2013032,4
2012460,4
2012418,4
2011042,4
2013729,4
2013295,4
2012956,4
2012048,4
2011068,4
2012822,4
2012782,4
2012150,4
2013482,4
2013702,4
2012583,4
2012971,4
2010999,4
2013384,4
2010984,4
2013149,4
2013172,4
2011007,4
2012207,4
2010972,4
2012931,4
2013501,4
2012201,4
2013552,4
2013554,4
2012267,4
2012921,4
2012737,4
2010969,4
2012749,4
2013185,4
2011020,4
2011021,4
2011026,4
2010957,4
2012217,4
2013558,4
2012828,4
2013499,4
2011794,4
2011770,4
2013368,4
2008217,4
2010873,4
2011138,4
2012594,4
2013775,4
2012886,4
2011899,4
2012501,4
2011124,4
2012865,4
2012863,4
2012825,4
2012552,4
2010878,4
2011748,4
2012615,4
2013346,4
2011951,4
2012972,4
2011151,4
2010877,4
2011810,4
2013424,4
2010360,3
2010929,3
2002292,3
2010915,3
2013748,3
2011572,3
2002948,3
2000177,3
2010886,3
2000162,3
2002273,3
2003440,3
2012906,3
2002121,3
2011261,3
2008728,3
2002990,3
2012503,3
2011345,3
2008544,3
2002881,3
2012403,3
2001009,3
2011279,3
2002932,3
2001524,3
2012440,3
2000084,3
2012905,3
2013724,3
2010582,3
2013766,3
2001751,3
2009465,3
2002107,3
2012810,3
2013714,3
2010599,3
2002155,3
2002140,3
2010631,3
2010809,3
2013910,3
2002090,3
2010812,3
2010799,3
2010814,3
2013884,3
2012884,3
2012870,3
2012867,3
2000262,3
2013719,3
2000237,3
2000852,3
2012812,3
2002484,3
2009575,3
2012904,3
2011290,3
2012532,3
2008814,3
2009002,3
2003080,3
2012992,3
2012270,3
2008532,3
2001685,3
2002734,3
2008517,3
2008348,3
2001686,3
2000941,3
2009118,3
2007770,3
2008352,3
2001091,3
2013025,3
2013557,3
2010810,3
2000999,3
2011248,3
2013023,3
2000957,3
2011280,3
2013631,3
2001079,3
2003073,3
2003053,3
2009062,3
2009123,3
2008337,3
2012981,3
2011365,3
2000956,3
2001000,3
2012999,3
2012475,3
2013000,3
2001710,3
2001299,3
2008311,3
2013371,3
2008316,3
2012496,3
2008607,3
2013031,3
2008604,3
2008906,3
2002869,3
2001040,3
2000981,3
2008588,3
2001041,3
2008576,3
2001779,3
2013562,3
2011332,3
2001026,3
2002960,3
2012535,3
2008515,3
2012604,3
2012773,3
2000929,3
2011180,3
2010123,3
2001916,3
2012804,3
2001924,3
2012680,3
2012678,3
2012940,3
2002530,3
2009683,3
2009681,3
2010114,3
2011492,3
2000299,3
2003216,3
2001858,3
2007991,3
2007953,3
2012142,3
2007943,3
2001583,3
2011506,3
2001574,3
2007914,3
2003362,3
2011538,3
2007909,3
2011552,3
2013466,3
2000043,3
2012859,3
2000023,3
2013843,3
2003074,3
2002577,3
2009607,3
2011011,3
2000843,3
2012650,3
2009654,3
2000845,3
2009609,3
2002588,3
2009599,3
2009581,3
2012662,3
2012644,3
2013692,3
2012933,3
2010995,3
2013711,3
2001993,3
2009758,3
2002381,3
2002535,3
2010741,3
2002057,3
2010109,3
2003424,3
2010725,3
2001570,3
2001558,3
2012890,3
2002607,3
2000883,3
2011066,3
2002628,3
2011037,3
2001875,3
2001874,3
2000890,3
2012618,3
2012960,3
2002686,3
2011135,3
2011074,3
2012574,3
2011031,3
2002594,3
2009545,3
2002598,3
2002592,3
2009540,3
2012953,3
2009551,3
2003870,3
2013676,3
2002700,3
2002699,3
2000934,3
2001853,3
2012634,3
2009353,3
2012151,3
2012591,3
2008901,3
2012795,3
2012550,3
2000308,3
2002427,3
2002439,3
2009761,3
2012756,3
2010970,3
2009907,3
2009140,3
2012929,3
2012717,3
2012714,3
2002495,3
2010983,3
2000818,3
2009768,3
2013693,3
2013844,3
2011040,3
2010731,3
2011126,3
2002683,3
2002670,3
2009321,3
2002662,3
2002741,3
2001688,3
2003795,3
2003476,3
2005413,3
2005569,3
2013426,3
2001301,3
2013432,3
2006170,3
2001288,3
2013437,3
2011665,3
2005053,3
2011657,3
2006925,3
2006926,3
2006935,3
2011653,3
2013436,3
2011797,3
2011432,3
2011806,3
2007086,3
2012100,3
2011892,3
2000949,3
2011953,3
2001513,3
2003867,3
2011852,3
2003947,3
2013350,3
2003950,3
2003955,3
2011677,3
2013345,3
2001382,3
2013343,3
2003988,3
2001518,3
2004006,3
2013356,3
2003577,3
2011920,3
2001546,3
2003115,3
2011952,3
2004137,3
2003631,3
2001544,3
2007705,3
2001681,3
2001178,3
2001635,3
2003192,3
2012189,3
2001659,3
2012214,3
2001197,3
2008125,3
2008133,3
2003161,3
2003548,3
2001058,3
2011714,3
2003060,3
2003634,3
2001661,3
2013334,3
2003206,3
2012549,3
2012216,3
2013528,3
2011422,3
2001107,3
2012228,3
2001100,3
2008284,3
2001215,3
2013537,3
2008016,3
2003214,3
2011616,3
2001525,3
2012209,3
2011903,3
2011453,3
2003487,2
2011988,2
2003039,2
2002800,2
2012894,2
2002159,2
2001700,2
2012249,2
2012014,2
2008686,2
2002160,2
2001532,2
2013313,2
2002886,2
2003572,2
2013002,2
2011987,2
2012965,2
2002049,2
2003554,2
2001701,2
2003562,2
2013314,2
2002253,2
2002843,2
2002156,2
2012814,2
2001754,2
2013312,2
2001053,2
2003793,2
2002296,2
2003797,2
2012915,2
2002872,2
2002871,2
2011840,2
2013308,2
2003050,2
2003467,2
2012041,2
2012816,2
2012601,2
2002016,2
2002020,2
2002984,2
2012821,2
2002258,2
2002687,2
2002597,2
2011978,2
2001509,2
2002139,2
2002066,2
2013341,2
2011898,2
2003791,2
2002103,2
2002740,2
2003708,2
2013330,2
2012878,2
2002065,2
2012536,2
2012646,2
2003803,2
2002067,2
2012539,2
2011887,2
2012881,2
2002996,2
2012880,2
2011848,2
2001905,2
2002106,2
2001480,2
2012271,2
2012948,2
2002761,2
2012995,2
2003443,2
2002133,2
2002130,2
2003632,2
2012967,2
2012579,2
2002124,2
2013348,2
2012272,2
2002056,2
2011945,2
2002063,2
2011942,2
2002755,2
2012988,2
2003747,2
2001859,2
2013339,2
2012983,2
2011919,2
2002888,2
2013021,2
2001841,2
2002537,2
2013155,2
2001887,2
2002494,2
2012399,2
2012205,2
2012202,2
2012958,2
2001939,2
2012718,2
2002944,2
2001880,2
2001663,2
2012721,2
2012099,2
2008368,2
2001528,2
2012241,2
2002919,2
2001662,2
2012456,2
2002476,2
2003176,2
2012751,2
2012754,2
2012438,2
2002496,2
2002952,2
2012215,2
2012682,2
2013027,2
2012227,2
2001738,2
2003085,2
2012240,2
2003087,2
2012410,2
2003088,2
2002546,2
2012676,2
2002966,2
2012636,2
2012941,2
2001915,2
2012738,2
2012750,2
2012731,2
2002923,2
2013026,2
2002926,2
2003334,2
2003188,2
2013191,2
2003107,2
2001750,2
2001900,2
2012705,2
2003359,2
2013190,2
2012801,2
2003399,2
2002609,2
2012638,2
2012482,2
2001713,2
2001996,2
2012484,2
2012606,2
2001566,2
2003372,2
2003375,2
2003382,2
2001896,2
2003361,2
2012811,2
2009880,2
2012493,2
2012767,2
2003423,2
2003052,2
2002927,2
2012266,2
2002450,2
2012800,2
2012946,2
2012959,2
2002626,2
2012757,2
2013195,2
2012651,2
2002431,2
2002639,2
2012658,2
2001989,2
2002419,2
2001992,2
2001695,2
2012145,2
2001598,2
2003287,2
2003289,2
2002400,2
2012794,2
2002931,2
2003407,2
2001593,2
2013057,2
2012107,2
220,2
2002074,2
2010989,2
2009802,2
2001047,2
2008505,2
2000774,2
2008500,2
2011367,2
2008395,2
2012798,2
2008542,2
2011381,2
2004091,2
2011391,2
2008364,2
2013547,2
2009765,2
2011363,2
2008355,2
2001033,2
2003170,2
2013568,2
2011323,2
2001068,2
2011326,2
2002193,2
2009692,2
2008353,2
2011337,2
2008619,2
2011362,2
2011339,2
2011344,2
2008608,2
2008606,2
2013564,2
2011361,2
2009722,2
2011397,2
2001209,2
2001194,2
2010963,2
2011446,2
2009971,2
2009972,2
2013500,2
2011454,2
2008135,2
2008122,2
2011444,2
2010965,2
2009975,2
2013489,2
2011294,2
2008972,2
2010953,2
2013505,2
2000758,2
2009913,2
2011402,2
2008303,2
2008346,2
2001087,2
2001088,2
2009884,2
2011403,2
2008308,2
2013546,2
2000767,2
2008029,2
2013538,2
2009135,2
2011414,2
2013531,2
2009889,2
2001119,2
2013525,2
2001024,2
2010993,2
2001213,2
2000946,2
2009494,2
2011175,2
2009888,2
2000942,2
2009522,2
2000959,2
2009546,2
2011181,2
2011070,2
2013674,2
2009541,2
2009044,2
2009043,2
2009019,2
2013681,2
2009007,2
2011152,2
2011146,2
2000954,2
2009424,2
2011071,2
2010739,2
2000920,2
2009269,2
2011144,2
2013658,2
2013663,2
2011096,2
2011073,2
2009339,2
2000901,2
2009412,2
2009415,2
2000945,2
2013586,2
2009554,2
2011246,2
2000856,2
2008709,2
2009671,2
2009659,2
2013600,2
2008864,2
2008856,2
2000997,2
2011249,2
2011254,2
2001004,2
2013634,2
2010994,2
2000925,2
2011283,2
2011285,2
2008714,2
2001020,2
2009653,2
2008884,2
2011193,2
2013685,2
2000855,2
2009495,2
2009570,2
2009674,2
2013515,2
2009468,2
2013878,2
2011473,2
2009649,2
2011016,2
2011014,2
2009644,2
2009646,2
2013601,2
2000989,2
2000993,2
2008027,2
2001148,2
2004458,2
2009425,2
2011647,2
2010687,2
2007001,2
2001352,2
2000019,2
2010726,2
2000018,2
2010557,2
2013365,2
2011627,2
2010884,2
2007687,2
2006858,2
2010567,2
2001320,2
2008931,2
2008943,2
2013435,2
2004146,2
2010746,2
2000848,2
2011583,2
2010846,2
2013361,2
2013360,2
2011563,2
2010913,2
2011674,2
2005716,2
2010445,2
2004188,2
2010871,2
2011758,2
2010605,2
2004152,2
2013380,2
2013417,2
2010616,2
2011715,2
2004185,2
2011711,2
2010603,2
2010866,2
2011618,2
2011622,2
2012874,2
2007858,2
2000496,2
2007868,2
2013421,2
2010597,2
2013842,2
2011701,2
2010586,2
2011700,2
2011741,2
2004123,2
2010568,2
2004018,2
2010477,2
2013886,2
2011807,2
2011823,2
2010940,2
2003959,2
2004010,2
2013877,2
2010771,2
2001239,2
2011335,2
2010819,2
2010033,2
2001222,2
2013475,2
2011486,2
2004753,2
2013481,2
2013483,2
2010213,2
2011019,2
2001409,2
2008009,2
2008021,2
2001420,2
2013485,2
2001249,2
2003958,2
2013865,2
2010804,2
2007884,2
1659,2
2011524,2
2013465,2
2000272,2
2011530,2
2010155,2
2007872,2
2010290,2
2013708,2
2007887,2
2010938,2
2007926,2
2010122,2
2013881,1
2013687,1
2013776,1
2013677,1
2002052,1
2001873,1
2002054,1
2000867,1
416,1
2000871,1
2002059,1
2013664,1
2001872,1
2013860,1
2000849,1
2013840,1
2002055,1
2000884,1
2013876,1
2001879,1
2013845,1
2001878,1
2002070,1
2000878,1
2000766,1
2000301,1
2013661,1
2001998,1
2013852,1
2000675,1
2001899,1
2012891,1
2001980,1
2002051,1
2012919,1
2001934,1
2013736,1
2013725,1
2012918,1
2000292,1
2000034,1
2001871,1
2013701,1
2000302,1
2000313,1
2012928,1
2000744,1
2000743,1
2000720,1
2000773,1
2000704,1
2001951,1
2000894,1
2013288,1
2000320,1
2002050,1
2000064,1
2001952,1
2000481,1
2001968,1
2000511,1
2000534,1
2013696,1
2001982,1
2013698,1
2000772,1
2013750,1
2013689,1
2013453,1
2000048,1
2001909,1
2013774,1
2000842,1
2001914,1
2013770,1
2013688,1
2002047,1
2001554,1
2001917,1
2012896,1
2013765,1
2012920,1
2013764,1
2013292,1
2000145,1
2012913,1
2013690,1
2013691,1
2013761,1
2000103,1
2000824,1
2013756,1
2002024,1
2012935,1
2012909,1
2012934,1
2013754,1
2000337,1
2002007,1
2012912,1
2002044,1
2001429,1
2001869,1
2001278,1
2013287,1
2013456,1
2013455,1
2010553,1
2013479,1
2013294,1
2001306,1
2001585,1
2013268,1
2013477,1
2013298,1
2001310,1
2001549,1
2013306,1
2013447,1
2013442,1
2001543,1
2013425,1
2001531,1
2001390,1
2013284,1
2001563,1
2001567,1
2013278,1
2001223,1
2001228,1
2013233,1
2013236,1
2013249,1
2013480,1
2013251,1
2001581,1
2001438,1
2001389,1
2013344,1
2000950,1
2013340,1
2001578,1
2013471,1
2001256,1
2013469,1
2013461,1
2013276,1
2001530,1
2001526,1
2001217,1
2013358,1
2013337,1
2001455,1
2013353,1
2013362,1
2001454,1
2001452,1
2001451,1
2001376,1
2013359,1
2001444,1
2013423,1
2013254,1
2001436,1
2001491,1
2013318,1
2001482,1
2001485,1
2001411,1
2013351,1
2001477,1
2013336,1
2001339,1
2013370,1
2001315,1
2001318,1
2001522,1
2001517,1
2013449,1
2013416,1
2013323,1
2013325,1
2013415,1
2013383,1
2001502,1
2001495,1
2001494,1
2013376,1
2013373,1
2013327,1
2013214,1
2013194,1
2000951,1
2001834,1
2013008,1
2000906,1
2000964,1
2001833,1
2001825,1
2001819,1
2012998,1
2013605,1
2013604,1
2013001,1
2000962,1
2013007,1
2001757,1
2001406,1
2013009,1
2000985,1
2013011,1
2000994,1
2001763,1
2001762,1
2013024,1
2001758,1
2001425,1
2001922,1
2008387,1
2013618,1
2001855,1
2013521,1
2013523,1
2001865,1
2000916,1
2012963,1
2000921,1
2000924,1
2001861,1
2013652,1
2013622,1
2000933,1
2000935,1
2013030,1
2001852,1
2001851,1
2000939,1
2013620,1
2012982,1
2000947,1
2013598,1
2001755,1
2001637,1
2001161,1
2013133,1
2013516,1
2001672,1
2013565,1
2001739,1
2001210,1
2013158,1
2013510,1
2013508,1
2013175,1
2013585,1
2013176,1
2001200,1
2013184,1
2001206,1
2001208,1
2013186,1
2013192,1
2008817,1
2013193,1
2013102,1
2013066,1
2013545,1
2001097,1
2001016,1
2013583,1
2001743,1
2001028,1
2013138,1
2013561,1
2008841,1
2010811,1
2008400,1
2013044,1
2001704,1
2001702,1
2001052,1
2013050,1
2013556,1
2013052,1
2001690,1
2001682,1
2013599,1
2002077,1
2001712,1
2008537,1
2008293,1
2011409,1
2011406,1
2008338,1
2008339,1
2011400,1
2011394,1
2008384,1
2011377,1
2013439,1
2001044,1
2008402,1
2011368,1
2008556,1
2011371,1
2008501,1
2008288,1
2008252,1
2008249,1
2008196,1
2011449,1
2008164,1
2008165,1
2011448,1
2008170,1
2008185,1
2011440,1
2008242,1
2008204,1
2011433,1
2011429,1
2011423,1
2008231,1
2011416,1
2011366,1
2011364,1
2008146,1
2011255,1
2008852,1
2001867,1
2008949,1
2011307,1
2008688,1
2008868,1
2011245,1
2008888,1
2008900,1
2008903,1
2008918,1
2011244,1
2011239,1
2008935,1
2008976,1
2004130,1
2008805,1
2008801,1
2008789,1
2008677,1
2008559,1
2008585,1
2008601,1
2011356,1
2008629,1
2008666,1
2008681,1
2011286,1
2008710,1
2011710,1
2011707,1
2005974,1
2011284,1
2008726,1
2008154,1
2008145,1
2004031,1
2011590,1
2011699,1
2011696,1
2005613,1
2005702,1
2011680,1
2011678,1
2004107,1
2006172,1
2006174,1
2006175,1
2006554,1
2011644,1
2011629,1
2007161,1
2011628,1
2011702,1
2008761,1
2004108,1
2008077,1
2011719,1
2008092,1
2008090,1
2004125,1
2004127,1
2011736,1
2011734,1
2004751,1
2011732,1
2004136,1
2011730,1
2011724,1
2004679,1
2000915,1
2011613,1
2011586,1
2008139,1
2011582,1
2008007,1
2008008,1
2008011,1
2008022,1
2011472,1
2011471,1
2011470,1
2008098,1
2008106,1
2011238,1
2008979,1
2011557,1
2011469,1
2011459,1
2011455,1
2011477,1
2011478,1
2011483,1
2011521,1
2011581,1
2007862,1
2007885,1
2007886,1
2011529,1
2004120,1
2011512,1
2011488,1
2007928,1
2007932,1
2011503,1
2011498,1
2011489,1
2007977,1
2008978,1
2010179,1
2010951,1
2010218,1
2010923,1
2010039,1
2010119,1
2010036,1
2010291,1
2002289,1
2010292,1
2010933,1
2010297,1
2010315,1
2010352,1
2010932,1
2010475,1
2010679,1
2010891,1
2010542,1
2010548,1
2010936,1
2010152,1
2010121,1
2010945,1
2010007,1
2010950,1
2010019,1
2010023,1
2010082,1
2010720,1
2010808,1
2010807,1
2010976,1
2010761,1
2010092,1
2010097,1
2010106,1
2010111,1
2010552,1
2010555,1
2008996,1
2010560,1
2010727,1
2010853,1
2010847,1
2010763,1
2010875,1
2010767,1
2010844,1
2010770,1
2010825,1
2010778,1
2010780,1
2010803,1
2010805,1
2010946,1
2010561,1
2004023,1
2010867,1
2011087,1
2011099,1
2010576,1
2010578,1
2010583,1
2010584,1
2010604,1
2010652,1
2010615,1
2010869,1
2010632,1
2010646,1
2011055,1
2010856,1
2010005,1
2009978,1
2010964,1
2009962,1
2011127,1
2009215,1
2009259,1
2009267,1
2009294,1
2011102,1
2011082,1
2009426,1
2011057,1
2011064,1
2011191,1
2009430,1
2011072,1
2009469,1
2009480,1
2011136,1
2011139,1
2009164,1
2009109,1
2009025,1
2009042,1
2011192,1
2009073,1
2010879,1
2009086,1
2009121,1
2009162,1
2009122,1
2009124,1
2009142,1
2011149,1
2011148,1
2011145,1
2010855,1
2009711,1
2012423,1
2010967,1
2009760,1
2010986,1
2009812,1
2002658,1
2010980,1
2009885,1
2009695,1
2009886,1
2009905,1
2009930,1
2009942,1
2009573,1
2012435,1
2010992,1
2011050,1
2009558,1
2011046,1
2011044,1
2009538,1
2009542,1
2011033,1
2009556,1
2009568,1
2010997,1
2009947,1
2011030,1
2009665,1
2009628,1
2009630,1
2009633,1
2012577,1
2011749,1
2011773,1
2012873,1
2012522,1
2009629,1
2002685,1
2002689,1
2012580,1
2002698,1
2012571,1
2002695,1
2012567,1
2012564,1
2012562,1
2012557,1
2012540,1
2002735,1
2002742,1
2002743,1
2012581,1
2012586,1
2002959,1
2002624,1
2002970,1
2012610,1
2002611,1
2002615,1
2012630,1
2012629,1
2012624,1
2012623,1
2012605,1
2002629,1
2012621,1
2002635,1
2012614,1
2012609,1
2012421,1
2012523,1
2002762,1
2002600,1
2012517,1
2012489,1
2002928,1
2012476,1
2012452,1
2002949,1
2002610,1
2002976,1
2002792,1
2002596,1
2002981,1
2012374,1
2012362,1
2002908,1
2002906,1
2002904,1
2002803,1
2012514,1
2012512,1
2012509,1
2002780,1
2002799,1
2002974,1
2002833,1
2002899,1
2002849,1
2002862,1
2002863,1
2012498,1
2002874,1
2002889,1
2010991,1
2002601,1
2009308,1
2011830,1
2003618,1
2002276,1
2002099,1
2012860,1
2002097,1
2012839,1
2012837,1
2012833,1
2012827,1
2012824,1
2002227,1
2012823,1
2002251,1
2012819,1
2002094,1
2012817,1
2002283,1
2002284,1
2012855,1
2002148,1
2002143,1
2002095,1
2002087,1
2002088,1
2012872,1
2012871,1
2002104,1
2002491,1
2002581,1
2002576,1
2011939,1
2002514,1
2012864,1
2002120,1
2002122,1
2002126,1
2002286,1
2002294,1
2012645,1
2002371,1
2012711,1
2012702,1
2012698,1
2012675,1
2011943,1
2012674,1
2002533,1
2012672,1
2002542,1
2002544,1
2012664,1
2012661,1
2012660,1
2002093,1
2002490,1
2012846,1
2002457,1
2002382,1
2003626,1
2012807,1
2002390,1
2002407,1
2012792,1
2002423,1
2012763,1
2002485,1
2012758,1
2012755,1
2012746,1
2002488,1
2012736,1
2012734,1
2002986,1
2012360,1
2012349,1
2003738,1
2003566,1
2003573,1
2011965,1
2011955,1
2003614,1
2003627,1
2003670,1
2011997,1
2003493,1
2012769,1
2003646,1
2003697,1
2003718,1
2011950,1
2011944,1
2003733,1
2003565,1
2011981,1
2011983,1
2012043,1
2012084,1
2012075,1
2003449,1
2012050,1
2003458,1
2003459,1
2003466,1
2011991,1
2003478,1
2003489,1
2012004,1
2011998,1
2012329,1
2011935,1
2003360,1
2011813,1
2003776,1
2003771,1
2011833,1
2011832,1
2003938,1
2003940,1
2011831,1
2003944,1
2011818,1
2003951,1
2003952,1
2003981,1
2012133,1
2003986,1
2004008,1
2004021,1
2003869,1
2011843,1
2003864,1
2003772,1
2011930,1
2011928,1
2011923,1
2003760,1
2011851,1
2003782,1
2012187,1
2012190,1
2003116,1
2011894,1
2003808,1
2003810,1
2003818,1
2011890,1
2003441,1
2012106,1
2003412,1
2003410,1
2003108,1
2003109,1
2012212,1
2012223,1
2003123,1
2012210,1
2003126,1
2003131,1
2003158,1
2003169,1
2012191,1
2003174,1
2003175,1
2011907,1
2012218,1
2003091,1
2012125,1
2012126,1
2003370,1
2003002,1
2012277,1
2012276,1
2012268,1
2003037,1
2003038,1
2012257,1
2012238,1
2012253,1
2012250,1
2003075,1
2003076,1
2003078,1
2003081,1
2003183,1
2012185,1
2012182,1
2012131,1
2012138,1
2003353,1
2012135,1
2003327,1
2010210,1
2012844,1
2003294,1
2012163,1
2003385,1
2003386,1
2012122,1
2003401,1
2003403,1
2003330,1
2003321,1
2003189,1
2012146,1
2012170,1
2012168,1
2012158,1
2003049,1
2003210,1
2003211,1
2003222,1
2012143,1
2003224,1
2003270,1
2003281,1
2012144,1
2003292,1
2002968,1
